PrivateOrNot,AnonymousOrNot,TotalTime,Usertime,Systime,Maxrss,Minfaults,Majfaults,Inblock,Outblock,VolCSW,InvolCSV,Filesize
Shared,FileBacked, 1.378, 0.076, 1.302,1050752,262478,0,0,2097152,59,13,1073741824
Shared,FileBacked, 1.828, 0.144, 1.684,1050752,262478,0,0,2097152,42,17,1073741824
Shared,FileBacked, 0.948, 0.060, 0.888,1050752,262480,0,0,2097152,50,7,1073741824
Shared,FileBacked, 1.159, 0.044, 1.115,1050752,262480,0,0,2097152,47,13,1073741824
Shared,FileBacked, 1.465, 0.084, 1.381,1050752,262478,0,0,2097152,37,11,1073741824
Shared,FileBacked, 1.532, 0.108, 1.424,1050496,262477,0,0,2097152,24,13,1073741824
Shared,FileBacked, 0.936, 0.084, 0.852,1050752,262480,0,0,2097152,50,6,1073741824
Shared,FileBacked, 0.882, 0.076, 0.806,1050752,262478,0,0,2097152,8,8,1073741824
Shared,FileBacked, 1.077, 0.092, 0.985,1050752,262478,0,0,2097152,10,9,1073741824
Shared,FileBacked, 0.909, 0.088, 0.820,1050624,262480,0,0,2097152,51,14,1073741824
Shared,FileBacked, 0.921, 0.052, 0.868,1050624,262479,0,0,2097152,5,9,1073741824
Shared,FileBacked, 0.941, 0.048, 0.893,1050752,262478,0,0,2097152,81,15,1073741824
Shared,FileBacked, 1.046, 0.056, 0.990,1050624,262478,0,0,2097152,37,7,1073741824
Shared,FileBacked, 3.027, 0.210, 2.816,1050752,262481,0,0,2097152,15431,160,1073741824
Shared,FileBacked, 2.503, 0.136, 2.367,1050752,262481,0,0,2097152,68,21,1073741824
Shared,FileBacked, 1.637, 0.112, 1.524,1050752,262480,0,0,2097152,54,15,1073741824
Shared,FileBacked, 1.521, 0.120, 1.401,1050624,262478,0,0,2097152,26,18,1073741824
Shared,FileBacked, 0.922, 0.048, 0.874,1050624,262476,0,0,2097152,49,10,1073741824
Shared,FileBacked, 1.199, 0.076, 1.123,1050752,262478,0,0,2097152,7,15,1073741824
Shared,FileBacked, 0.923, 0.064, 0.859,1050752,262481,0,0,2097152,50,11,1073741824
Private,FileBacked, 0.753, 0.064, 0.689,1050752,262477,0,0,0,0,10,1073741824
Private,FileBacked, 0.765, 0.072, 0.693,1050752,262478,0,0,0,0,5,1073741824
Private,FileBacked, 0.752, 0.032, 0.720,1050624,262476,0,0,0,0,7,1073741824
Private,FileBacked, 0.757, 0.048, 0.709,1050752,262480,0,0,0,0,13,1073741824
Private,FileBacked, 0.931, 0.080, 0.851,1050752,262477,0,0,0,0,10,1073741824
Private,FileBacked, 1.247, 0.100, 1.147,1050752,262481,0,0,0,0,17,1073741824
Private,FileBacked, 0.751, 0.068, 0.683,1050752,262480,0,0,0,0,7,1073741824
Private,FileBacked, 0.754, 0.060, 0.694,1050752,262478,0,0,0,0,8,1073741824
Private,FileBacked, 0.749, 0.048, 0.701,1050624,262476,0,0,0,0,7,1073741824
Private,FileBacked, 1.199, 0.116, 1.083,1050752,262480,0,0,0,0,14,1073741824
Private,FileBacked, 0.798, 0.056, 0.742,1050624,262478,0,0,0,0,4,1073741824
Private,FileBacked, 0.773, 0.060, 0.713,1050752,262477,0,0,0,0,10,1073741824
Private,FileBacked, 0.759, 0.048, 0.710,1050624,262479,0,0,0,0,8,1073741824
Private,FileBacked, 0.763, 0.052, 0.711,1050624,262479,0,0,0,0,5,1073741824
Private,FileBacked, 0.767, 0.056, 0.711,1050752,262478,0,0,0,0,7,1073741824
Private,FileBacked, 0.762, 0.068, 0.694,1050752,262480,0,0,0,0,6,1073741824
Private,FileBacked, 0.766, 0.056, 0.710,1050752,262480,0,0,0,0,14,1073741824
Private,FileBacked, 0.776, 0.044, 0.732,1050752,262478,0,0,0,0,5,1073741824
Private,FileBacked, 0.946, 0.100, 0.846,1050752,262480,0,0,0,0,6,1073741824
Private,FileBacked, 1.466, 0.096, 1.370,1050752,262478,0,0,0,0,22,1073741824
Shared,Anonymous, 1.152, 0.064, 1.089,1050752,262478,0,0,0,0,20,1073741824
Shared,Anonymous, 0.976, 0.060, 0.916,1050752,262479,0,0,0,0,12,1073741824
Shared,Anonymous, 1.251, 0.108, 1.143,1050624,262478,0,0,0,0,19,1073741824
Shared,Anonymous, 1.031, 0.084, 0.947,1050752,262478,0,0,0,0,19,1073741824
Shared,Anonymous, 1.299, 0.100, 1.200,1050496,262478,0,0,0,0,31,1073741824
Shared,Anonymous, 0.861, 0.068, 0.793,1050752,262480,0,0,0,0,16,1073741824
Shared,Anonymous, 1.339, 0.088, 1.251,1050752,262480,0,0,0,0,17,1073741824
Shared,Anonymous, 0.799, 0.044, 0.755,1050496,262476,0,0,0,0,13,1073741824
Shared,Anonymous, 1.196, 0.072, 1.124,1050752,262480,0,0,0,0,19,1073741824
Shared,Anonymous, 1.167, 0.064, 1.103,1050752,262480,0,0,0,0,23,1073741824
Shared,Anonymous, 1.263, 0.080, 1.183,1050496,262475,0,0,0,0,16,1073741824
Shared,Anonymous, 0.924, 0.088, 0.836,1050624,262478,0,0,0,0,19,1073741824
Shared,Anonymous, 1.141, 0.088, 1.053,1050752,262480,0,0,0,0,23,1073741824
Shared,Anonymous, 1.002, 0.080, 0.922,1050624,262481,0,0,0,0,19,1073741824
Shared,Anonymous, 0.804, 0.068, 0.736,1050624,262479,0,0,0,0,14,1073741824
Shared,Anonymous, 0.971, 0.080, 0.891,1050752,262481,0,0,0,0,10,1073741824
Shared,Anonymous, 0.772, 0.044, 0.728,1050624,262475,0,0,0,0,13,1073741824
Shared,Anonymous, 0.796, 0.036, 0.760,1050624,262478,0,0,0,0,18,1073741824
Shared,Anonymous, 1.382, 0.072, 1.310,1050624,262479,0,0,0,0,33,1073741824
Shared,Anonymous, 1.024, 0.076, 0.948,1050752,262479,0,0,0,0,12,1073741824
Private,Anonymous, 1.233, 0.168, 1.065,1050624,262476,0,0,0,0,8,1073741824
Private,Anonymous, 1.142, 0.108, 1.034,1050752,262479,0,0,0,0,27,1073741824
Private,Anonymous, 0.569, 0.060, 0.509,1050624,262476,0,0,0,0,7,1073741824
Private,Anonymous, 0.537, 0.052, 0.485,1050752,262478,0,0,0,0,6,1073741824
Private,Anonymous, 0.541, 0.060, 0.481,1050752,262478,0,0,0,0,3,1073741824
Private,Anonymous, 0.553, 0.048, 0.505,1050752,262479,0,0,0,0,8,1073741824
Private,Anonymous, 1.138, 0.164, 0.974,1050752,262479,0,0,0,0,5,1073741824
Private,Anonymous, 1.667, 0.180, 1.487,1050752,262477,0,0,0,0,17,1073741824
Private,Anonymous, 0.712, 0.056, 0.656,1050624,262478,0,0,0,0,9,1073741824
Private,Anonymous, 0.877, 0.060, 0.817,1050752,262478,0,0,0,0,8,1073741824
Private,Anonymous, 0.870, 0.096, 0.774,1050624,262476,0,0,0,0,32,1073741824
Private,Anonymous, 1.266, 0.164, 1.102,1050752,262477,0,0,0,0,11,1073741824
Private,Anonymous, 0.541, 0.080, 0.461,1050752,262482,0,0,0,0,2,1073741824
Private,Anonymous, 0.910, 0.092, 0.818,1050752,262481,0,0,0,0,3,1073741824
Private,Anonymous, 0.750, 0.068, 0.682,1050624,262478,0,0,0,0,10,1073741824
Private,Anonymous, 0.547, 0.048, 0.498,1050752,262478,0,0,0,0,4,1073741824
Private,Anonymous, 0.541, 0.068, 0.473,1050752,262478,0,0,0,0,5,1073741824
Private,Anonymous, 0.541, 0.068, 0.473,1050624,262476,0,0,0,0,2,1073741824
Private,Anonymous, 0.537, 0.060, 0.477,1050752,262479,0,0,0,0,4,1073741824
Private,Anonymous, 0.552, 0.052, 0.500,1050752,262481,0,0,0,0,4,1073741824
